GangId = 1
GangName = Al-queda
GangTag = [ZVHR]
GangPassw = 
GangPage = terrorindahouse
GangPageType = 1
GangLvl = 5
GangClist = 6
GangBank = 100000
GangSlots = 5
GangPoints = 1
GangScoreCw = 1
GangMembers = 1
GangWeapons = 1
gPosX = -2557.932861
gPosY = 328.864990
gPosZ = 15.945302
GangPass = 53
GangVehSlot1model = 415
gVehSlot1PosX = -2544.606445
gVehSlot1PosY = 315.273803
gVehSlot1PosZ = 19.516979
gVehSlot1PosA = 175.240737
GangVehSlot2model = 560
gVehSlot2PosX = -2584.240722
gVehSlot2PosY = 318.201721
gVehSlot2PosZ = 4.851562
gVehSlot2PosA = 92.792335