Password = 06948D93CD1E0855EA37E75AD516A250D2D0772890B073808D831C438509190162C0D890B17001361820CFFC30D50F010C387E9DF943065AA8F4E92E63FF060C
Account = 1
Money = 161330
Level = 121
Kills = 190
Skin = 160
Admin = 5
Adminpanel = root
Vip = 1
Death = 21
Reward = 0
Bell = 6401
FpsBar = 2
Jailed = 0
LastLogin = 14.10.201
Exp = 120488
Weather = 15
DmKills = 58
SoundMenu = 70
BottomBar = 1
ExpBar = 1
SpeedBar = 1
Cheater = 0
DamageInfo = 1
Weapons = 0
ObjGlasses = 70
Cw = 0
Muted = 0
Limit = 0
FightStyle = 6
AboutPlayer = 
HealthBar = 0
ObjMask = 0
Hud = 1
ObjHat = 0
Gang = 1
GangRang = 5
Donate = 0
Serial = AC99484E4CDE4EDCDF8558E84CEE999FAC9C0C94
Color = 10
Automute = 0
World = 1
Credit = 1000000
Bonuspack = 5
Bonustime = 0
Reputation = 6
Votes = 0
Key = 
SavedPosX = -2558.071777
SavedPosY = 327.806701
SavedPosZ = 15.945302